000050
000080
000100
000150
000230
000250
000270
000500
000660
000720
000810
000880
000990
001120
001200
001260
001290
001430
001440
001450
001460
001540
001740
001800
001820
002020
002100
002380
002390
003000
003100
003160
003280
003380
003490
003540
003690
003720
004020
004170
004310
004410
004560
004590
004710
005290
005380
005430
005490
005680
005850
005930
005940
005950
006110
006220
006260
006340
006400
006800
006920
007070
007120
007340
007810
008060
009150
009240
009420
009450
009520
009540
009830
010060
010120
010130
010170
010690
010780
010950
011070
011200
011560
011690
011780
011790
011930
012210
012330
012450
012510
012610
012750
012860
013360
014950
015260
015360
016380
017900
018260
018670
018880
019180
019210
020150
020560
021240
023530
023810
024110
025320
025560
025820
026890
027360
028260
028670
030530
031330
031430
031980
032500
032820
032830
032940
033160
033240
033290
033640
033780
034020
034730
035420
035600
035720
035810
035900
036010
036170
036200
036460
036540
036570
036830
036930
037030
037350
037460
037560
038500
039030
039200
039440
039490
039860
041190
041510
041830
042370
042700
043260
045100
046120
046890
047040
047050
047770
047810
048550
048770
049070
049630
049950
050890
051360
051370
051600
051900
051910
052690
053260
053610
053700
053800
054220
054620
055550
056080
056090
056190
056360
058470
058610
058730
059120
059270
060280
060980
061090
061970
062040
064290
064350
064400
064760
064850
065680
065710
066310
066430
066570
066970
066980
067160
067170
067290
067310
068270
068290
069080
069620
069960
070300
071050
071280
073490
074600
077360
077500
078350
078600
078890
078930
079160
079550
079940
079960
080220
082800
082920
083310
083450
083650
084370
085910
086280
086520
086790
086900
088280
088350
089030
089470
089860
089970
090360
090460
090710
091590
092200
092220
092460
092870
093320
093370
094970
095340
095610
096530
096770
098120
098460
099320
099430
100090
100120
100590
100790
101160
101170
101330
101490
101970
102120
102460
103590
105560
105840
108320
108490
109610
109740
110990
111770
112290
115500
119850
120110
121440
122640
122870
122900
123330
123750
124500
125020
126340
126640
126720
126730
128940
129920
130660
131030
131290
131970
133690
136540
138040
138080
140430
140670
142210
145020
145720
146320
149950
160980
161390
161890
163730
166090
170920
171090
172670
173130
178320
178920
180640
183300
187870
189300
189330
189860
190510
191410
192080
194700
195870
196170
196300
200470
200710
204270
204320
204620
205500
207940
211270
212560
212710
214150
214320
214330
214370
214420
214450
215790
216080
217330
218410
219130
222080
222420
222800
223250
226330
229640
230240
232140
232680
234340
235980
236200
236350
240550
240810
241520
241560
241710
241770
242040
247540
250060
251270
252990
255220
259960
263750
263920
264850
265740
267250
267260
268280
272210
273640
274090
277810
281740
281820
282330
290550
290650
293490
294630
294870
295310
298020
298040
298830
302430
307180
307950
308430
310200
316140
317240
317400
318060
319660
321260
321370
321550
322000
323280
323410
326030
327260
329180
330350
330730
330860
332570
336260
336570
340570
347850
352820
353200
354320
355150
356860
357580
357780
357880
361390
365590
366030
368770
373220
375500
377220
380540
381620
382800
383220
383310
388050
388790
388870
389020
389030
389500
393890
396300
396470
397030
402340
402490
403870
412350
417840
417860
417970
418420
419050
419080
420770
425040
437730
440110
445090
445180
448900
450140
451760
452160
452280
453340
454910
456010
456040
456160
457190
457370
458650
458870
460940
461300
462870
474170
474650
475150
475830
476060
477850
481070
482630
483650
484870
486990
488280
489460
489500
498410
950130
950160